bitmap_index,sx,sy,sw,sh,ox,oy,notes
0,0,0,49,33,0,0,
0,49,0,60,50,-8,0,
0,109,0,104,133,-25,-22,
0,213,0,115,142,-20,-17,
0,328,0,121,200,-14,11,
0,449,0,135,200,-8,11,
0,584,0,125,187,0,15,
0,709,0,130,191,3,12,
0,839,0,157,194,-8,12,
0,0,133,125,183,12,4,
0,125,142,134,198,12,10,
0,259,200,140,203,11,8,
0,399,200,142,206,13,9,
0,541,200,146,207,12,8,
0,687,194,218,198,5,0,
