bitmap, x, y, w, h, ox, oy, name
0,0,0,301,431,0,0,
0,301,0,295,433,-5,2,
0,596,0,294,431,-3,0,
0,890,0,288,428,-7,-1,
0,1178,0,288,425,-7,-3,
0,1466,0,288,420,-6,-5,
0,1754,0,288,417,-7,-6,
0,0,0,1,1,0,0, transparent blink
0,0,431,124,66,-40,117,
0,124,431,130,61,-49,91,
0,254,433,125,66,-42,121,
0,379,433,130,64,-47,88,
0,509,433,128,63,-47,96,
0,637,431,131,60,-43,84,
