bitmap_index,sx,sy,sw,sh,ox,oy
0,0,0,73,132,0,0
0,73,0,74,131,0,0
0,147,0,73,131,-1,0
0,220,0,73,132,0,0
0,293,0,73,132,1,0
0,366,0,71,133,0,0
0,437,0,68,131,0,0
0,0,132,65,132,0,0
0,65,132,62,132,-2,0
0,127,131,61,133,-2,0
0,188,132,59,134,-1,0
0,247,132,58,134,-2,0
0,305,132,56,134,-2,0
