bitmap_index,sx,sy,sw,sh,ox,oy
0,0,0,37,43,-25,-63
0,37,0,59,89,-6,-28
0,96,0,61,104,-3,-9
0,157,0,59,107,2,2
0,216,0,65,103,5,6
0,281,0,62,106,8,8
0,343,0,62,111,7,10
0,405,0,35,44,2,-78
0,440,0,39,102,5,-41
0,0,89,38,118,2,-10
0,38,104,59,121,0,0
0,97,107,75,115,0,0
0,172,107,73,123,0,0
0,245,106,70,127,-1,0
0,315,111,36,42,25,-57
0,351,111,48,94,20,-32
0,399,111,54,106,19,-21
0,0,225,68,105,8,-5
0,68,225,72,101,2,-2
0,140,230,71,109,-4,4
0,211,233,70,111,-4,4
